12258514 5964.00000 77.33700 1.28026 0.00343
12069449 5750.00000 50.00000 1.46229 0.00197
10068307 6132.00000 77.33700 1.12986 0.00482
8228742 6122.00000 77.33700 1.15829 0.00545
6933899 5832.00000 77.33700 1.32074 0.00385
7510397 6171.00000 77.33700 1.11319 0.00489
6116048 6033.00000 77.33700 1.33004 0.00316
6106415 6037.00000 77.33700 1.33338 0.00326
10162436 6146.00000 77.33700 1.09029 0.00597
4914923 5805.00000 77.33700 1.38007 0.00396
6603624 5674.00000 77.33700 1.49354 0.00213
3632418 6193.00000 77.33700 1.11205 0.00471
8379927 5956.00000 196.00000 1.30930 0.00327
9098294 5852.00000 77.33700 1.44093 0.00409
12069424 5825.00000 50.00000 1.43199 0.00270
7940546 6235.00000 77.33700 1.08673 0.00564
3656476 5668.00000 77.33700 1.44425 0.00393
8694723 6246.00000 77.33700 1.10941 0.00427
7970740 5309.00000 77.33700 1.45504 0.00267
6225718 6313.00000 76.69400 1.22263 0.00352
8006161 5488.00000 77.33700 1.54535 0.00214
8760414 5873.00000 77.33700 1.39329 0.00316
9139163 6527.00000 174.00000 1.01455 0.00546
5184732 5846.00000 77.33700 1.36953 0.00431
10516096 5964.00000 77.33700 1.31846 0.00520
8938364 5677.00000 77.33700 1.44267 0.00381
9955598 5457.00000 77.33700 1.52967 0.00428
10963065 6140.00000 77.33700 1.27398 0.00493
3427720 6045.00000 77.33700 1.35967 0.00549
11772920 5180.00000 180.00000 1.51452 0.00432
9139151 6302.00000 77.33700 1.33939 0.00603
9025370 5727.00000 151.00000 1.47475 0.00466
12009504 6179.00000 77.33700 1.19742 0.00557
5773345 6459.00000 157.00000 1.07560 0.00857
9414417 6512.00000 165.00000 1.04297 0.00707
6679371 6479.00000 77.33700 0.87918 0.01050
1435467 6326.00000 77.33700 1.11344 0.00890
10454113 6177.00000 77.33700 1.20492 0.00649
7871531 5501.00000 77.33700 1.50640 0.00343
6508366 6331.00000 77.33700 1.01270 0.01217
7296438 5775.00000 77.33700 1.35953 0.00809
3456181 6384.00000 77.33700 0.98660 0.01330
7106245 6068.00000 102.00000 1.39473 0.01103
12069127 6276.00000 77.33700 1.05940 0.01702
10644253 6045.00000 77.33700 1.31259 0.01002
11253226 6642.00000 77.33700 0.91846 0.00737
7103006 6344.00000 77.33700 0.97209 0.00869
9353712 6278.00000 77.33700 1.08634 0.01722
7680114 5811.00000 77.33700 1.36428 0.00585
12317678 6580.00000 77.33700 0.92627 0.00658
3735871 6107.00000 77.33700 1.32436 0.00815
8394589 6143.00000 77.33700 1.26656 0.00637
9812850 6321.00000 77.33700 1.07024 0.01226
9965715 5860.00000 180.00000 1.13998 0.00844
2837475 6614.00000 77.33700 0.90923 0.01096
9206432 6538.00000 77.33700 0.95854 0.01223
8424992 5719.00000 77.33700 1.51762 0.01103
8179536 6343.00000 77.33700 1.15197 0.01242
7206837 6305.00000 77.33700 1.05637 0.00966
9410862 6047.00000 77.33700 1.34077 0.01055
10730618 6150.00000 180.00000 1.03082 0.01906
5950854 5853.00000 77.33700 1.43143 0.01344
10079226 5949.00000 77.33700 1.34832 0.01137
11081729 6548.00000 82.73500 1.01989 0.01106
7771282 6248.00000 77.33700 1.10631 0.02136
8150065 6173.00000 101.00000 1.15906 0.02947
5774694 5777.00000 10.00000 1.48664 0.00238
